%YAML:1.0
---


videoPath   : "/dev/video51" # /dev/stereo_s
pixel_format: "MJPEG"       # MJPEG, YUYV
img_buf_len : 1
img_fps     : 10
depth_fps   : 10
image_width  : 1280
image_height : 480
if_adverse   : 0
if_cali      : 1

if_show_orig : 0
if_show_rect : 0
if_show_disp : 0
if_show_depth: 0

if_subsampling: 0
brightness   : 30     # 亮度 -64~64
if_auto_exp  : 1     # 是否自动曝光，当0的时候，下面的曝光时间参数才有用
exposure_time: 40    # 曝光时间，一般室内200


distortion_coeffs1: !!opencv-matrix
  rows: 5
  cols: 1
  dt: d
  data: [-0.07316348412575474, 0.07384891618352747, 0.001177768300777212, -0.0014637541398575553, 0.0]

camera_matrix1: !!opencv-matrix
  rows: 3
  cols: 3
  dt: d
  data: [373.97550292770086, 0.0               , 318.5068419687491,
         0.0               , 373.9641824717618 , 246.06689815984868,
         0.0               , 0.0               , 1.0              ]

distortion_coeffs2: !!opencv-matrix
  rows: 5
  cols: 1
  dt: d
  data: [-0.07110649319735736, 0.06135349410655719, -0.00020949861921157944, 0.0003910207521794803, 0.0]

camera_matrix2: !!opencv-matrix
  rows: 3
  cols: 3
  dt: d
  data: [373.7115014389353, 0.0               , 318.96099547351236, 
         0.0              , 373.97341535017387, 241.62345950985502,
         0.0              , 0.0               , 1.0               ]

rotation_matrix: !!opencv-matrix
  rows: 3
  cols: 3
  dt: d
  data: [ 0.999997  ,  0.00009292, -0.00244807, 
         -0.00008822,  0.99999815,  0.00191992,
          0.00244824, -0.0019197 ,  0.99999516]

translation_coeffs: !!opencv-matrix
  rows: 3
  cols: 1
  dt: d
  data: [-0.06021211, 0.0001553, 0.00043362]


imu_T_body: !!opencv-matrix
   rows: 4
   cols: 4
   dt: d
   data: [ 1.0, 0.0, 0.0,  0.0,
           0.0, 1.0, 0.0,  0.0,
           0.0, 0.0, 1.0,  0.0,
           0.0, 0.0, 0.0,  1.0]

imu_T_cam0: !!opencv-matrix
   rows: 4
   cols: 4
   dt: d
   data: [-0.02731351,  0.03073964,  0.99915417,  0.08594055,
          -0.99799661,  0.05622361, -0.02901162, -0.029215  ,
          -0.05706786, -0.99794488,  0.02914239, -0.03293779,
           0.        ,  0.        ,  0.        ,  1.        ]




