%YAML:1.0
---
videoPath: /dev/video60
pixel_format: MJPEG         # MJPEG, YUYV
img_buf_len: 1
img_fps: 10
depth_fps: 10
image_width: 1280
image_height: 480
if_adverse: 0
if_cali: 1

if_show_orig: 0
if_show_rect: 0
if_show_disp: 0
if_show_depth: 0

if_subsampling: 0
brightness: 30        # 亮度 -64~64
if_auto_exp: 1       # 是否自动曝光，当0的时候，下面的曝光时间参数才有用
exposure_time: 40    # 曝光时间，一般室内200


distortion_coeffs1: !!opencv-matrix
  rows: 5
  cols: 1
  dt: d
  data: [-0.09849834947480011, 0.08534684551037092, 0.0003192004070223671, 4.5968679839821067e-05,
    0]
camera_matrix1: !!opencv-matrix
  rows: 3
  cols: 3
  dt: d
  data: [347.4515823026247, 0.0, 328.71491831465556, 0.0, 347.9093028015976, 234.40767586397672,
    0.0, 0.0, 1.0]

distortion_coeffs2: !!opencv-matrix
  rows: 5
  cols: 1
  dt: d
  data: [-0.10257957785595533, 0.08994491264729979, -0.0002088675583081737, -2.6609388308473814e-05,
    0]
camera_matrix2: !!opencv-matrix
  rows: 3
  cols: 3
  dt: d
  data: [351.4492649944466, 0.0, 317.9828353678439, 0.0, 351.88227856547604, 239.4578761374128,
    0.0, 0.0, 1.0]

rotation_matrix: !!opencv-matrix
  rows: 3
  cols: 3
  dt: d
  data: [0.9999925, 0.00010103, -0.00387165, -0.0001087, 0.99999803, -0.00198256,
    0.00387144, 0.00198296, 0.99999054]
translation_coeffs: !!opencv-matrix
  rows: 3
  cols: 1
  dt: d
  data: [-0.06002183, 0.00010469, 7.725e-05]
imu_T_body: !!opencv-matrix
  rows: 4
  cols: 4
  dt: d
  data: [1.0, 0.0, 0.0, 0.0, 0.0, 1.0, 0.0, 0.0, 0.0, 0.0, 1.0, 0.0, 0.0, 0.0, 0.0,
    1.0]

# 标定上写的是cam0 to imu0
imu_T_cam0: !!opencv-matrix
  rows: 4
  cols: 4
  dt: d
  data: [0.00770897, -0.15693554, 0.98757876, 0.13163938, -0.99996058, -0.00556121,
    0.00692189, 0.0394114, 0.00440584, -0.98759319, -0.15697223, -0.04328347, 0.0,
    0.0, 0.0, 1.0]
