%YAML:1.0
---

model_type: PINHOLE
camera_name: camera
image_width: 640
image_height: 480
distortion_parameters:
  k1: -0.07017964605774471
  k2: 0.10101648142515249
  p1: 0.000780926047073065
  p2: -0.00019199728886056585
projection_parameters:
  fx: 351.3479962326597
  fy: 350.78136066423343
  cx: 309.4114992229651
  cy: 238.84174402955207
